4.0	20.70	17.11	13.83	11.26	9.17
4.5	19.86	16.42	13.23	10.64	8.54
5.0	19.17	15.86	12.79	10.14	8.10
5.5	18.58	15.42	12.33	9.67	7.79
6.0	18.17	14.98	11.92	9.32	7.45
6.5	17.83	14.73	11.61	9.14	7.17
7.0	17.48	14.42	11.36	8.92	6.98
7.5	17.17	14.17	11.20	8.70	6.82
8.0	16.92	13.98	11.01	8.54	6.67
8.5	16.67	13.79	10.82	8.39	6.51
9.0	16.45	13.54	10.61	8.23	6.35
9.5	16.30	13.42	10.42	8.14	6.23
10.0	16.11	13.29	10.29	8.01	6.10
10.5	15.98	13.17	10.17	7.92	6.04
11.0	15.86	13.04	10.07	7.82	5.95
11.5	15.73	12.95	9.98	7.76	5.88
12.0	15.67	12.86	9.92	7.67	5.82
12.5	15.58	12.79	9.79	7.60	5.76
13.0	15.48	12.70	9.76	7.54	5.70
13.5	15.36	12.61	9.67	7.45	5.63
14.0	15.30	12.54	9.60	7.38	5.57
14.5	15.17	12.48	9.54	7.38	5.54
15.0	15.11	12.39	9.48	7.32	5.48
15.5	15.01	12.33	9.42	7.26	5.45
16.0	14.98	12.29	9.35	7.23	5.41
16.5	14.92	12.23	9.29	7.20	5.38
17.0	14.86	12.17	9.26	7.13	5.35
17.5	14.80	12.11	9.20	7.13	5.32
18.0	14.73	12.04	9.17	7.07	5.29
18.5	14.67	12.01	9.10	7.07	5.26
19.0	14.61	11.98	9.04	7.01	5.23
19.5	14.55	11.92	9.01	6.98	5.20
20.0	14.51	11.86	8.95	6.95	5.16
20.5	14.48	11.86	8.92	6.95	5.10
21.0	14.42	11.79	8.85	6.92	5.10
21.5	14.36	11.76	8.82	6.88	5.04
22.0	14.36	11.73	8.79	6.82	5.04
22.5	14.29	11.67	8.73	6.82	5.01
23.0	14.23	11.64	8.67	6.82	4.98
23.5	14.20	11.61	8.60	6.76	4.95
24.0	14.17	11.54	8.60	6.76	4.95
24.5	14.11	11.54	8.54	6.76	4.91
25.0	14.11	11.51	8.51	6.70	4.88
25.5	14.04	11.45	8.48	6.70	4.88
26.0	14.04	11.42	8.48	6.67	4.85
26.5	13.98	11.39	8.42	6.63	4.85
27.0	13.98	11.36	8.42	6.63	4.85
27.5	13.92	11.36	8.35	6.60	4.82
28.0	13.89	11.29	8.32	6.57	4.79
28.5	13.86	11.29	8.29	6.57	4.79
29.0	13.86	11.23	8.29	6.51	4.79
29.5	13.79	11.23	8.23	6.51	4.76
30.0	13.79	11.17	8.23	6.51	4.76
30.5	13.73	11.17	8.20	6.48	4.73
31.0	13.73	11.11	8.17	6.45	4.73
31.5	13.70	11.11	8.17	6.45	4.73
32.0	13.67	11.04	8.10	6.45	4.73
32.5	13.67	11.04	8.10	6.45	4.73
33.0	13.61	11.04	8.10	6.38	4.70
33.5	13.61	10.98	8.07	6.38	4.70
34.0	13.54	10.98	8.04	6.35	4.70
34.5	13.54	10.98	8.01	6.35	4.66
35.0	13.51	10.95	7.98	6.32	4.66
35.5	13.48	10.92	7.98	6.32	4.66
36.0	13.48	10.92	7.95	6.32	4.66
36.5	13.48	10.89	7.92	6.29	4.66
37.0	13.42	10.86	7.92	6.29	4.66
37.5	13.42	10.86	7.88	6.29	4.63
38.0	13.42	10.82	7.85	6.29	4.63
38.5	13.39	10.79	7.85	6.26	4.63
39.0	13.36	10.79	7.85	6.26	4.63
39.5	13.36	10.76	7.85	6.26	4.63
40.0	13.33	10.73	7.82	6.26	4.63
40.5	13.29	10.73	7.79	6.26	4.63
41.0	13.29	10.70	7.79	6.26	4.63
41.5	13.29	10.67	7.76	6.20	4.60
42.0	13.26	10.67	7.76	6.20	4.60
42.5	13.23	10.67	7.73	6.20	4.60
43.0	13.23	10.64	7.73	6.20	4.57
43.5	13.23	10.61	7.70	6.20	4.57
44.0	13.20	10.61	7.67	6.20	4.57
44.5	13.17	10.57	7.67	6.20	4.57
45.0	13.17	10.54	7.67	6.20	4.57
45.5	13.17	10.54	7.60	6.20	4.57
46.0	13.17	10.51	7.60	6.20	4.54
46.5	13.14	10.48	7.60	6.20	4.54
47.0	13.11	10.48	7.60	6.17	4.54
47.5	13.11	10.45	7.57	6.17	4.51
48.0	13.11	10.42	7.54	6.13	4.51
48.5	13.11	10.42	7.54	6.13	4.51
49.0	13.11	10.39	7.54	6.13	4.51
49.5	13.08	10.36	7.54	6.13	4.48
50.0	13.04	10.36	7.51	6.13	4.48
50.5	13.04	10.36	7.48	6.13	4.48
51.0	13.04	10.36	7.48	6.13	4.48
51.5	13.04	10.32	7.48	6.13	4.48
52.0	12.98	10.29	7.48	6.07	4.48
52.5	12.98	10.29	7.45	6.07	4.48
53.0	12.98	10.26	7.42	6.07	4.48
53.5	12.98	10.26	7.42	6.07	4.45
54.0	12.98	10.26	7.42	6.07	4.45
54.5	12.92	10.23	7.42	6.07	4.45
55.0	12.92	10.23	7.42	6.07	4.41
55.5	12.92	10.20	7.35	6.04	4.41
56.0	12.92	10.20	7.35	6.04	4.41
56.5	12.92	10.17	7.35	6.04	4.41
57.0	12.92	10.17	7.35	6.04	4.41
57.5	12.89	10.17	7.35	6.04	4.41
58.0	12.86	10.17	7.29	6.04	4.41
58.5	12.86	10.14	7.29	6.01	4.41
59.0	12.86	10.14	7.29	6.01	4.41
59.5	12.86	10.10	7.29	6.01	4.41
60.0	12.86	10.10	7.29	6.01	4.41
60.5	12.86	10.10	7.29	5.98	4.41
61.0	12.83	10.10	7.26	5.98	4.41
61.5	12.79	10.10	7.26	5.98	4.41
62.0	12.79	10.10	7.23	5.98	4.41
62.5	12.79	10.10	7.23	5.98	4.41
63.0	12.79	10.10	7.23	5.98	4.41
63.5	12.79	10.07	7.23	5.98	4.41
64.0	12.79	10.07	7.23	5.98	4.41
64.5	12.76	10.07	7.23	5.98	4.41
65.0	12.73	10.07	7.17	5.98	4.41
65.5	12.73	10.07	7.17	5.95	4.41
66.0	12.73	10.04	7.17	5.95	4.41
66.5	12.73	10.04	7.17	5.95	4.41
67.0	12.73	10.04	7.17	5.95	4.41
67.5	12.70	10.04	7.17	5.95	4.41
68.0	12.67	10.04	7.17	5.95	4.41
68.5	12.67	10.04	7.13	5.95	4.41
69.0	12.67	10.04	7.10	5.95	4.41
69.5	12.67	10.04	7.13	5.95	4.41
70.0	12.64	10.04	7.10	5.95	4.41
70.5	12.61	10.04	7.10	5.95	4.41
71.0	12.61	10.04	7.10	5.95	4.41
71.5	12.61	10.01	7.07	5.95	4.41
72.0	12.61	9.98	7.07	5.95	4.41
72.5	12.61	9.98	7.07	5.95	4.41
73.0	12.61	9.98	7.04	5.95	4.41
73.5	12.61	9.98	7.04	5.95	4.41
74.0	12.54	9.98	7.04	5.95	4.41
74.5	12.54	9.98	7.04	5.95	4.41
75.0	12.54	9.98	7.04	5.88	4.41
75.5	12.54	9.98	7.04	5.88	4.41
76.0	12.54	9.95	7.04	5.88	4.38
76.5	12.54	9.95	7.04	5.88	4.38
77.0	12.54	9.95	7.04	5.88	4.38
77.5	12.54	9.92	6.98	5.88	4.38
78.0	12.48	9.92	6.98	5.88	4.38
78.5	12.48	9.92	6.98	5.88	4.38
79.0	12.48	9.89	6.98	5.88	4.38
79.5	12.48	9.89	6.98	5.88	4.38
80.0	12.48	9.89	6.98	5.88	4.38
80.5	12.48	9.85	6.98	5.88	4.38
81.0	12.48	9.85	6.98	5.88	4.38
81.5	12.48	9.85	6.98	5.88	4.38
82.0	12.45	9.85	6.98	5.88	4.35
82.5	12.42	9.82	6.98	5.88	4.35
83.0	12.42	9.79	6.98	5.88	4.35
83.5	12.42	9.79	6.98	5.88	4.35
84.0	12.42	9.79	6.98	5.88	4.35
84.5	12.42	9.79	6.95	5.88	4.35
85.0	12.42	9.79	6.95	5.88	4.35
85.5	12.36	9.79	6.95	5.88	4.35
86.0	12.36	9.79	6.95	5.88	4.35
86.5	12.36	9.73	6.92	5.88	4.35
87.0	12.36	9.73	6.92	5.88	4.35
87.5	12.36	9.73	6.92	5.88	4.35
88.0	12.36	9.73	6.92	5.88	4.35
88.5	12.36	9.73	6.92	5.88	4.35
89.0	12.33	9.73	6.92	5.85	4.35
89.5	12.33	9.70	6.92	5.85	4.35
90.0	12.29	9.67	6.92	5.85	4.35
90.5	12.29	9.67	6.92	5.88	4.35
91.0	12.29	9.67	6.92	5.88	4.35
91.5	12.29	9.67	6.92	5.88	4.32
92.0	12.29	9.67	6.92	5.88	4.32
92.5	12.29	9.64	6.92	5.88	4.32
93.0	12.29	9.64	6.92	5.88	4.32
93.5	12.29	9.64	6.92	5.82	4.32
94.0	12.29	9.60	6.92	5.82	4.32
94.5	12.26	9.60	6.92	5.82	4.32
95.0	12.26	9.60	6.88	5.82	4.32
95.5	12.23	9.57	6.88	5.82	4.32
96.0	12.23	9.57	6.88	5.82	4.32
96.5	12.23	9.57	6.88	5.82	4.32
97.0	12.23	9.57	6.88	5.82	4.32
97.5	12.23	9.54	6.85	5.82	4.32
98.0	12.23	9.54	6.85	5.82	4.32
98.5	12.23	9.54	6.85	5.82	4.32
99.0	12.23	9.54	6.85	5.82	4.32
99.5	12.23	9.51	6.85	5.82	4.32
100.0	12.20	9.48	6.82	5.82	4.29