4.0	26.40	23.61	21.55	19.83	18.89
4.5	27.30	24.36	22.24	20.39	19.33
5.0	28.08	24.99	22.83	20.83	19.74
5.5	28.74	25.49	23.33	21.33	20.05
6.0	29.27	25.96	23.80	21.83	20.42
6.5	29.71	26.36	24.21	22.21	20.74
7.0	30.15	26.80	24.58	22.58	21.02
7.5	30.52	27.18	24.93	22.89	21.30
8.0	30.84	27.43	25.21	23.21	21.55
8.5	31.15	27.68	25.52	23.46	21.80
9.0	31.43	27.93	25.77	23.71	22.05
9.5	31.68	28.18	25.96	23.93	22.24
10.0	31.93	28.43	26.21	24.14	22.49
10.5	32.15	28.65	26.36	24.33	22.64
11.0	32.40	28.87	26.55	24.55	22.83
11.5	32.62	29.05	26.80	24.77	23.02
12.0	32.81	29.27	26.93	24.96	23.17
12.5	32.96	29.37	27.11	25.11	23.33
13.0	33.12	29.55	27.27	25.27	23.49
13.5	33.27	29.68	27.43	25.43	23.61
14.0	33.43	29.87	27.55	25.58	23.80
14.5	33.56	29.99	27.68	25.71	23.89
15.0	33.74	30.12	27.83	25.83	24.05
15.5	33.84	30.30	27.93	25.96	24.18
16.0	33.99	30.37	28.05	26.08	24.30
16.5	34.09	30.49	28.15	26.18	24.43
17.0	34.18	30.62	28.24	26.30	24.52
17.5	34.31	30.74	28.30	26.43	24.64
18.0	34.43	30.80	28.43	26.52	24.74
18.5	34.53	30.93	28.49	26.61	24.86
19.0	34.62	30.99	28.55	26.74	24.96
19.5	34.74	31.12	28.68	26.80	25.05
20.0	34.81	31.18	28.74	26.93	25.18
20.5	34.90	31.27	28.80	27.02	25.27
21.0	34.99	31.37	28.90	27.08	25.36
21.5	35.06	31.43	28.99	27.21	25.46
22.0	35.15	31.55	29.05	27.27	25.55
22.5	35.24	31.62	29.12	27.40	25.65
23.0	35.31	31.68	29.21	27.46	25.77
23.5	35.34	31.80	29.27	27.52	25.86
24.0	35.43	31.87	29.37	27.65	25.93
24.5	35.49	31.93	29.43	27.68	25.99
25.0	35.56	31.99	29.46	27.74	26.08
25.5	35.62	32.06	29.55	27.83	26.18
26.0	35.68	32.15	29.62	27.90	26.24
26.5	35.74	32.24	29.68	27.96	26.33
27.0	35.81	32.31	29.74	28.02	26.40
27.5	35.87	32.37	29.80	28.08	26.49
28.0	35.96	32.43	29.84	28.15	26.55
28.5	36.03	32.49	29.93	28.21	26.61
29.0	36.09	32.56	29.96	28.27	26.68
29.5	36.15	32.62	30.02	28.33	26.80
30.0	36.21	32.68	30.05	28.40	26.90
30.5	36.24	32.74	30.12	28.43	26.93
31.0	36.31	32.81	30.15	28.52	27.05
31.5	36.37	32.87	30.24	28.58	27.08
32.0	36.43	32.90	30.24	28.58	27.15
32.5	36.50	32.93	30.30	28.65	27.21
33.0	36.56	32.99	30.37	28.71	27.30
33.5	36.59	33.06	30.37	28.77	27.33
34.0	36.62	33.12	30.43	28.80	27.40
34.5	36.68	33.12	30.43	28.87	27.46
35.0	36.75	33.18	30.49	28.90	27.49
35.5	36.78	33.24	30.55	28.96	27.55
36.0	36.81	33.27	30.55	28.99	27.62
36.5	36.87	33.31	30.62	29.02	27.68
37.0	36.93	33.37	30.65	29.08	27.74
37.5	36.96	33.43	30.68	29.15	27.80
38.0	37.00	33.43	30.71	29.18	27.87
38.5	37.06	33.49	30.74	29.21	27.90
39.0	37.09	33.56	30.80	29.27	27.96
39.5	37.12	33.59	30.87	29.33	28.02
40.0	37.15	33.62	30.90	29.33	28.05
40.5	37.18	33.68	30.93	29.40	28.12
41.0	37.25	33.71	30.96	29.46	28.18
41.5	37.28	33.74	30.99	29.52	28.24
42.0	37.31	33.81	31.02	29.52	28.24
42.5	37.37	33.84	31.09	29.58	28.30
43.0	37.37	33.87	31.12	29.58	28.37
43.5	37.43	33.93	31.18	29.65	28.43
44.0	37.43	33.93	31.21	29.71	28.49
44.5	37.50	33.99	31.27	29.77	28.52
45.0	37.53	34.06	31.30	29.77	28.55
45.5	37.56	34.06	31.30	29.84	28.58
46.0	37.62	34.12	31.37	29.90	28.65
46.5	37.62	34.12	31.40	29.90	28.68
47.0	37.68	34.18	31.43	29.93	28.74
47.5	37.68	34.18	31.49	29.96	28.80
48.0	37.75	34.24	31.52	30.02	28.83
48.5	37.75	34.31	31.55	30.09	28.87
49.0	37.81	34.31	31.59	30.09	28.93
49.5	37.81	34.37	31.62	30.15	28.96
50.0	37.84	34.37	31.65	30.15	28.99
50.5	37.87	34.43	31.68	30.21	29.02
51.0	37.93	34.43	31.68	30.21	29.05
51.5	37.93	34.49	31.74	30.27	29.12
52.0	38.00	34.49	31.77	30.27	29.12
52.5	38.03	34.56	31.80	30.34	29.18
53.0	38.06	34.62	31.84	30.40	29.24
53.5	38.06	34.62	31.87	30.40	29.27
54.0	38.09	34.62	31.87	30.46	29.30
54.5	38.12	34.68	31.93	30.46	29.33
55.0	38.15	34.68	31.93	30.52	29.37
55.5	38.18	34.74	31.96	30.52	29.43
56.0	38.21	34.74	31.99	30.55	29.43
56.5	38.25	34.81	31.99	30.59	29.49
57.0	38.28	34.84	32.06	30.65	29.52
57.5	38.31	34.87	32.09	30.65	29.55
58.0	38.31	34.87	32.09	30.71	29.58
58.5	38.37	34.93	32.12	30.71	29.62
59.0	38.37	34.93	32.15	30.77	29.68
59.5	38.43	34.99	32.18	30.77	29.68
60.0	38.43	34.99	32.21	30.84	29.74
60.5	38.47	34.99	32.21	30.84	29.74
61.0	38.50	35.06	32.24	30.84	29.80
61.5	38.53	35.06	32.24	30.90	29.84
62.0	38.56	35.12	32.31	30.90	29.87
62.5	38.59	35.12	32.31	30.96	29.90
63.0	38.62	35.12	32.34	30.96	29.93
63.5	38.65	35.18	32.37	31.02	29.99
64.0	38.68	35.18	32.37	31.02	29.99
64.5	38.68	35.24	32.43	31.09	30.05
65.0	38.72	35.24	32.43	31.09	30.05
65.5	38.75	35.28	32.43	31.09	30.05
66.0	38.78	35.31	32.49	31.15	30.12
66.5	38.81	35.31	32.49	31.15	30.12
67.0	38.84	35.34	32.49	31.18	30.18
67.5	38.87	35.34	32.52	31.21	30.21
68.0	38.90	35.34	32.56	31.21	30.24
68.5	38.93	35.40	32.56	31.27	30.27
69.0	38.97	35.40	32.59	31.27	30.30
69.5	39.00	35.40	32.62	31.34	30.34
70.0	39.00	35.46	32.62	31.34	30.37
70.5	39.03	35.46	32.65	31.37	30.37
71.0	39.06	35.49	32.68	31.40	30.43
71.5	39.09	35.53	32.68	31.40	30.43
72.0	39.09	35.53	32.71	31.43	30.46
72.5	39.12	35.53	32.74	31.46	30.49
73.0	39.15	35.56	32.74	31.46	30.52
73.5	39.18	35.56	32.77	31.46	30.55
74.0	39.22	35.59	32.81	31.52	30.59
74.5	39.25	35.62	32.81	31.52	30.62
75.0	39.25	35.62	32.84	31.55	30.62
75.5	39.28	35.62	32.84	31.59	30.68
76.0	39.31	35.68	32.87	31.59	30.68
76.5	39.31	35.68	32.87	31.65	30.71
77.0	39.34	35.68	32.87	31.65	30.74
77.5	39.37	35.74	32.93	31.68	30.77
78.0	39.37	35.74	32.93	31.71	30.80
78.5	39.40	35.74	32.93	31.71	30.80
79.0	39.43	35.81	32.96	31.74	30.87
79.5	39.47	35.81	32.96	31.74	30.87
80.0	39.47	35.81	32.99	31.77	30.90
80.5	39.50	35.87	33.02	31.77	30.93
81.0	39.53	35.87	33.06	31.80	30.93
81.5	39.56	35.87	33.06	31.84	30.99
82.0	39.56	35.87	33.06	31.84	30.99
82.5	39.59	35.93	33.09	31.84	31.02
83.0	39.62	35.93	33.09	31.90	31.05
83.5	39.62	35.93	33.12	31.90	31.05
84.0	39.62	35.99	33.12	31.96	31.12
84.5	39.65	35.99	33.12	31.96	31.12
85.0	39.68	35.99	33.15	31.96	31.15
85.5	39.68	35.99	33.18	31.99	31.15
86.0	39.68	35.99	33.18	32.02	31.18
86.5	39.72	36.06	33.18	32.02	31.24
87.0	39.75	36.06	33.21	32.02	31.24
87.5	39.78	36.06	33.21	32.06	31.24
88.0	39.78	36.12	33.24	32.09	31.27
88.5	39.81	36.12	33.24	32.09	31.30
89.0	39.81	36.12	33.27	32.09	31.30
89.5	39.84	36.18	33.27	32.15	31.37
90.0	39.87	36.18	33.31	32.15	31.37
90.5	39.87	36.18	33.31	32.15	31.37
91.0	39.87	36.18	33.31	32.15	31.40
91.5	39.90	36.24	33.37	32.21	31.46
92.0	39.93	36.24	33.37	32.21	31.46
92.5	39.93	36.24	33.37	32.24	31.49
93.0	39.93	36.24	33.40	32.27	31.49
93.5	39.97	36.24	33.43	32.27	31.52
94.0	40.00	36.31	33.43	32.27	31.55
94.5	40.00	36.31	33.43	32.31	31.55
95.0	40.00	36.31	33.43	32.34	31.59
95.5	40.03	36.37	33.46	32.34	31.62
96.0	40.06	36.37	33.49	32.37	31.62
96.5	40.06	36.37	33.49	32.37	31.65
97.0	40.06	36.37	33.49	32.40	31.68
97.5	40.09	36.43	33.49	32.40	31.68
98.0	40.12	36.43	33.52	32.40	31.71
98.5	40.12	36.43	33.56	32.43	31.74
99.0	40.15	36.43	33.56	32.46	31.74
99.5	40.18	36.50	33.56	32.46	31.77
100.0	40.18	36.50	33.59	32.46	31.80