3799.3141
3805.0652
3807.7920
3809.4751
3810.6518
3811.5339
3812.2290
3812.7955
3813.2686
3813.6720
3814.0198
3814.3244
3814.5962
3814.8384
3815.0559
3815.2545
3815.4357
3815.6016
3815.7552
3815.8984
3816.0290
3816.1544
3816.2674
3816.3763
3816.4771
3816.5742
3816.6647
3816.7517
3816.8317
3816.9095
3816.9848
3817.0550
3817.1227
3817.1872
3817.2477
3817.3073
3817.3635
3817.4166
3817.4715
3817.5216
3817.5687
3817.6173
3817.6626
3817.7061
3817.7490
3817.7888
3817.8299
3817.8674
3817.9053
3817.9433
